155
155
155
155
155
155
155
155
155
155
155
155
155
155
155
155
155
155
155
155
155
155
155
155
155
155
155
155
155
155
155
155
155
155
155
155
155
155
155
155
155
155
155
155
155
155
155
155
186
186
186
186
186
188
189
189
189
155
155
155
155
155
155
189
155
155
155
155
191
191
191
191
192
192
192
194
195
195
195
194
195
195
195
195
195
195
196
196
196
196
196
196
196
196
196
196
195
195
195
195
195
195
195
195
195
195
195
195
195
195
195
195
195
195
195
195
195
195
195
190
190
190
190
190
190
190
195
195
195
195
195
195
195
195
195
195
195
195
195
195
195
195
195
195
195
194
194
194
194
190
190
190
190
185
185
185
185
185
185
185
185
185
185
185
185
185
190
195
195
195
195
194
192
192
194
195
194
194
192
192
191
191
191
191
195
190
190
190
190
190
190
190
190
190
190
190
194
194
194
194
194
194
195
195
194
194
194
194
194
194
195
195
195
194
195
195
195
195
195
195
195
195
195
195
195
190
190
190
190
190
190
190
190
190
190
190
194
194
194
194
194
195
195
195
195
194
194
194
195
195
195
195
195
195
195
194
195
195
195
195
195
196
196
196
196
196
196
195
195
195
195
195
195
195
195
195
195
195
195
194
194
194
194
192
190
185
185
185
185
185
185
185
185
185
187
187
190
190
190
190
191
195
195
195
195
195
195
194
194
195
195
195
194
194
193
193
192
190
190
190
190
190
190
190
190
193
193
194
194
194
194
193
190
190
190
190
190
190
190
190
192
193
194
194
194
194
194
194
194
194
194
194
190
190
190
190
190
190
190
190
190
190
190
190
190
190
190
190
194
194
194
194
194
194
194
194
194
194
194
194
194
195
195
195
195
195
195
195
195
195
195
195
195
195
196
195
195
195
195
194
194
194
194
194
194
194
194
194
194
194
194
195
195
195
195
195
195
195
195
195
195
195
195
194
194
194
194
194
194
194
194
194
194
194
194
194
195
194
195
195
195
195
195
194
194
194
194
194
194
194
194
194
194
191
190
185
185
185
185
185
184
185
185
185
185
187
187
188
190
190
190
190
190
191
194
194
191
194
194
194
194
194
194
194
194
194
194
194
194
194
194
194
194
194
194
194
194
194
194
194
190
190
185
185
190
190
190
190
190
191
192
192
192
193
192
192
192
192
192
190
188
188
185
185
185
185
185
185
185
185
184
185
185
185
185
185
185
185
185
185
185
185
187
188
191
191
191
191
192
193
194
194
194
194
194
194
194
194
194
194
194
194
194
194
194
194
194
194
194
194
194
194
194
191
191
191
190
184
155
155
155
155
155
155
155
155
155
155
155
155
155
155
155
155
155
155
155
155
155
155
155
155
155
155
155
155
155
155
155
155
155
155
155
155
155
155
155
155
155
155
155
155
155
155
155
155
155
155
155
155
155
